10000 3.6769871171800843
10500 3.764050840421487
11000 3.837912642015452
11500 3.8958699466617963
12000 3.998301962253095
12500 4.042832948476001
13000 4.074064341513559
13500 4.109692211369522
14000 4.172784194388159
14500 4.1984370021723
15000 4.219923239627867
15500 4.238952635505424
16000 4.283401744056294
16500 4.297923285239222
17000 4.310123987780273
17500 4.327046328221872
18000 4.354865359896012
18500 4.36331783299531
19000 4.373523086688597
19500 4.38536238245685
20000 4.4028386414506056
20500 4.412652008406079
21000 4.420093487843909
21500 4.426490423333554
22000 4.441486788160018
22500 4.447735896195902
23000 4.454637068968553
23500 4.458733846231834
24000 4.4704071631419255
6000 1.5247552916597167
6500 1.7700358156029505
7000 2.1739995701015755
7500 2.514612697159668
8000 3.0225791815886365
8500 3.2006033440582624
9000 3.357733997073186
9500 3.473776563129959
